power supply 0.9528 91 239 168 416
power supply 0.0142 398 245 415 409
power supply 0.0064 -5 247 169 417
power supply 0.0038 401 364 415 417
power supply 0.0035 296 188 382 316
power supply 0.0028 398 228 415 332
power supply 0.0027 167 162 245 279
power supply 0.0020 243 186 302 318
power supply 0.0018 63 282 204 428
power supply 0.0017 384 257 409 397
power supply 0.0011 139 165 169 236
power supply 0.0011 63 171 169 387
oscilloscope 0.0725 398 245 415 409
oscilloscope 0.0067 384 257 409 397
oscilloscope 0.0057 401 364 415 417
oscilloscope 0.0055 297 192 387 314
oscilloscope 0.0046 167 162 245 279
oscilloscope 0.0031 398 228 415 332
oscilloscope 0.0031 243 186 302 318
oscilloscope 0.0028 91 239 168 416
oscilloscope 0.0022 404 317 415 368
oscilloscope 0.0020 407 283 415 335
oscilloscope 0.0019 406 298 415 354
oscilloscope 0.0015 381 256 435 397
oscilloscope 0.0011 404 333 415 386
welder station 0.0205 401 364 415 417
welder station 0.0101 86 241 163 415
welder station 0.0066 296 188 382 316
welder station 0.0054 174 165 248 277
welder station 0.0031 243 186 302 318
welder station 0.0022 398 245 415 409
welder station 0.0015 139 165 169 236
welder station 0.0013 398 228 415 332
electric screwdriver 0.0040 297 192 387 314
electric screwdriver 0.0027 167 162 245 279
electric screwdriver 0.0019 401 364 415 417
electric screwdriver 0.0017 239 172 301 323
electric screwdriver 0.0013 398 271 416 415
screwdriver- 0.0099 97 230 165 376
screwdriver- 0.0072 292 186 386 314
screwdriver- 0.0048 401 364 415 417
screwdriver- 0.0042 139 165 169 236
screwdriver- 0.0037 398 271 416 415
screwdriver- 0.0024 243 186 302 318
screwdriver- 0.0022 168 170 254 293
screwdriver- 0.0017 398 228 415 332
pliers 0.0027 401 364 415 417
pliers 0.0025 297 192 387 314
pliers 0.0023 398 228 415 332
pliers 0.0019 167 162 245 279
pliers 0.0014 243 186 302 318
pliers 0.0012 398 271 416 415
pliers 0.0010 139 165 169 236
welder probe tip 0.0040 401 364 415 417
welder probe tip 0.0027 292 186 386 314
welder probe tip 0.0025 239 172 301 323
oscilloscope probe tip 0.0044 243 186 302 318
oscilloscope probe tip 0.0031 297 192 387 314
oscilloscope probe tip 0.0027 167 172 246 282
oscilloscope probe tip 0.0019 398 271 416 415
oscilloscope probe tip 0.0018 401 364 415 417
oscilloscope probe tip 0.0015 139 165 169 236
oscilloscope probe tip 0.0011 398 228 415 332
low voltage board 0.0047 174 165 248 277
low voltage board 0.0033 292 186 386 314
low voltage board 0.0032 86 241 163 415
low voltage board 0.0022 243 186 302 318
low voltage board 0.0019 398 245 415 409
low voltage board 0.0014 401 364 415 417
high voltage board 0.0059 292 186 386 314
high voltage board 0.0056 86 241 163 415
high voltage board 0.0037 167 162 245 279
high voltage board 0.0028 243 186 302 318
high voltage board 0.0012 401 364 415 417
register 0.0084 86 241 163 415
register 0.0031 296 188 382 316
register 0.0025 174 165 248 277
register 0.0019 243 186 302 318
register 0.0012 398 245 415 409
electric screwdriver battery 0.0056 401 364 415 417
electric screwdriver battery 0.0054 296 188 382 316
electric screwdriver battery 0.0040 174 165 248 277
electric screwdriver battery 0.0015 243 186 302 318
working area 0.0099 82 228 163 404
working area 0.0028 243 186 302 318
working area 0.0025 -5 247 169 417
working area 0.0018 174 165 248 277
working area 0.0018 296 188 382 316
working area 0.0015 60 19 420 331
working area 0.0014 398 245 415 409
welder base 0.0154 93 228 167 402
welder base 0.0105 401 364 415 417
welder base 0.0028 292 186 386 314
welder base 0.0015 243 186 302 318
welder base 0.0013 174 165 248 277
welder base 0.0011 398 228 415 332
socket 0.9968 295 200 384 318
socket 0.9949 174 170 250 283
socket 0.1233 401 364 415 417
socket 0.0218 243 186 302 318
socket 0.0155 398 228 415 332
socket 0.0052 139 165 169 236
socket 0.0034 86 241 163 415
socket 0.0033 199 183 282 288
socket 0.0033 407 268 415 322
socket 0.0028 404 251 415 309
socket 0.0024 383 228 410 330
socket 0.0023 193 184 238 275
socket 0.0023 398 245 415 409
socket 0.0021 399 388 416 417
socket 0.0015 96 155 173 243
socket 0.0013 240 177 257 216
socket 0.0011 238 173 260 258
socket 0.0010 390 227 402 264
left red button 0.0014 243 186 302 318
left red button 0.0010 296 188 382 316
left red button 0.0010 398 245 415 409
left green button 0.0012 243 186 302 318
right red button 0.0011 243 186 302 318
right red button 0.0011 296 188 382 316
right green button 0.0013 243 186 302 318
right green button 0.0012 167 162 245 279
right green button 0.0011 297 192 387 314
hand 0.9953 242 191 299 327
hand 0.0049 398 245 415 409
hand 0.0027 297 192 387 314
hand 0.0023 167 172 246 282
hand 0.0020 401 364 415 417
hand 0.0014 240 205 343 319
hand 0.0013 240 167 257 201
hand 0.0012 398 228 415 332
