power supply 0.9287 69 238 151 415
power supply 0.0211 14 215 156 405
power supply 0.0035 156 175 224 287
power supply 0.0033 -7 243 101 418
power supply 0.0025 374 262 410 393
power supply 0.0022 273 206 393 382
power supply 0.0018 249 303 341 416
power supply 0.0018 397 262 416 396
power supply 0.0012 285 216 374 332
oscilloscope 0.0339 367 307 419 413
oscilloscope 0.0139 395 306 415 416
oscilloscope 0.0117 374 262 410 393
oscilloscope 0.0065 156 175 224 287
oscilloscope 0.0065 284 208 373 327
oscilloscope 0.0042 15 241 160 416
oscilloscope 0.0035 377 372 417 413
oscilloscope 0.0023 217 184 272 297
oscilloscope 0.0021 405 336 415 384
oscilloscope 0.0018 249 303 341 416
oscilloscope 0.0014 78 229 151 386
oscilloscope 0.0014 336 329 413 415
oscilloscope 0.0011 404 301 416 355
oscilloscope 0.0011 404 317 415 370
oscilloscope 0.0011 398 245 417 380
welder station 0.0248 69 238 151 415
welder station 0.0033 283 208 378 330
welder station 0.0020 249 303 341 416
welder station 0.0011 374 262 410 393
welder station 0.0010 14 215 156 405
welder station 0.0010 397 262 416 396
electric screwdriver 0.0068 235 252 269 305
electric screwdriver 0.0053 217 184 272 297
electric screwdriver 0.0049 273 206 393 382
electric screwdriver 0.0041 166 164 233 279
electric screwdriver 0.0033 377 372 417 413
electric screwdriver 0.0020 285 216 374 332
electric screwdriver 0.0016 326 373 414 416
electric screwdriver 0.0014 250 300 418 422
screwdriver- 0.0059 15 241 160 416
screwdriver- 0.0057 377 372 417 413
screwdriver- 0.0051 73 247 148 410
screwdriver- 0.0046 222 188 269 294
screwdriver- 0.0035 372 320 418 412
screwdriver- 0.0034 283 208 378 330
screwdriver- 0.0027 156 175 224 287
screwdriver- 0.0023 374 262 410 393
screwdriver- 0.0021 235 252 269 305
screwdriver- 0.0020 397 262 416 396
screwdriver- 0.0013 249 303 341 416
screwdriver- 0.0011 392 332 414 418
screwdriver- 0.0010 326 373 414 416
pliers 0.0151 235 252 269 305
pliers 0.0089 377 334 415 414
pliers 0.0022 395 306 415 416
pliers 0.0021 283 208 378 330
pliers 0.0016 166 164 233 279
welder probe tip 0.0035 235 252 269 305
welder probe tip 0.0027 377 372 417 413
welder probe tip 0.0018 217 171 273 273
welder probe tip 0.0013 15 241 160 416
welder probe tip 0.0012 273 206 393 382
oscilloscope probe tip 0.0052 235 252 269 305
oscilloscope probe tip 0.0030 285 216 374 332
oscilloscope probe tip 0.0023 156 175 224 287
oscilloscope probe tip 0.0013 377 334 415 414
oscilloscope probe tip 0.0013 273 206 393 382
oscilloscope probe tip 0.0012 374 262 410 393
oscilloscope probe tip 0.0011 217 184 272 297
oscilloscope probe tip 0.0011 15 241 160 416
oscilloscope probe tip 0.0010 397 262 416 396
low voltage board 0.0090 71 227 152 406
low voltage board 0.0054 166 164 233 279
low voltage board 0.0050 283 208 378 330
low voltage board 0.0014 249 303 341 416
low voltage board 0.0014 377 372 417 413
high voltage board 0.0045 166 164 233 279
high voltage board 0.0038 283 208 378 330
high voltage board 0.0037 69 238 151 415
high voltage board 0.0017 377 372 417 413
high voltage board 0.0016 249 303 341 416
register 0.0080 71 227 152 406
register 0.0031 156 175 224 287
register 0.0024 273 206 393 382
register 0.0019 235 252 269 305
register 0.0013 285 216 374 332
register 0.0013 249 303 341 416
electric screwdriver battery 0.0037 156 175 224 287
electric screwdriver battery 0.0029 235 252 269 305
electric screwdriver battery 0.0020 377 372 417 413
electric screwdriver battery 0.0020 285 216 374 332
electric screwdriver battery 0.0013 15 241 160 416
electric screwdriver battery 0.0011 273 206 393 382
electric screwdriver battery 0.0010 249 303 341 416
working area 0.0254 15 241 160 416
working area 0.0066 273 206 393 382
working area 0.0045 165 187 237 296
working area 0.0025 217 184 272 297
working area 0.0019 249 303 341 416
working area 0.0018 76 241 186 420
working area 0.0017 235 252 269 305
working area 0.0015 285 216 374 332
welder base 0.0247 71 227 152 406
welder base 0.0051 235 252 269 305
welder base 0.0021 249 303 341 416
welder base 0.0012 156 175 224 287
welder base 0.0010 285 216 374 332
welder base 0.0010 273 206 393 382
socket 0.9967 283 209 372 327
socket 0.9948 165 175 234 287
socket 0.1380 202 176 270 291
socket 0.0328 273 206 393 382
socket 0.0128 377 372 417 413
socket 0.0112 391 388 417 416
socket 0.0072 235 252 269 305
socket 0.0052 15 241 160 416
socket 0.0046 179 202 221 285
socket 0.0020 78 229 151 386
socket 0.0020 132 164 167 236
socket 0.0020 326 373 414 416
socket 0.0013 216 193 253 292
socket 0.0012 249 303 341 416
socket 0.0010 148 167 219 263
left red button 0.0025 235 252 269 305
left red button 0.0020 15 241 160 416
left red button 0.0011 156 175 224 287
left green button 0.0013 156 175 224 287
left green button 0.0013 235 252 269 305
left green button 0.0012 15 241 160 416
left green button 0.0011 273 206 393 382
right red button 0.0028 235 252 269 305
right red button 0.0016 15 241 160 416
right red button 0.0013 156 175 224 287
right red button 0.0012 273 206 393 382
right red button 0.0010 222 188 269 294
right green button 0.0019 235 252 269 305
right green button 0.0018 156 175 224 287
right green button 0.0014 15 241 160 416
right green button 0.0012 273 206 393 382
hand 0.9960 217 178 270 289
hand 0.0417 235 252 269 305
hand 0.0091 163 176 258 287
hand 0.0027 377 372 417 413
hand 0.0025 284 208 373 327
hand 0.0020 374 262 410 393
hand 0.0017 397 262 416 396
hand 0.0016 351 399 405 416
hand 0.0014 392 332 414 418
hand 0.0011 326 373 414 416
hand 0.0011 249 303 341 416
