power supply 0.9642 87 237 176 414
power supply 0.0076 404 245 416 410
power supply 0.0043 184 190 259 294
power supply 0.0025 306 210 391 330
power supply 0.0021 245 229 309 416
power supply 0.0016 409 259 416 327
power supply 0.0011 407 247 415 309
oscilloscope 0.0149 404 245 416 410
oscilloscope 0.0081 181 192 263 297
oscilloscope 0.0053 313 216 404 333
oscilloscope 0.0029 77 239 172 416
oscilloscope 0.0024 409 292 415 360
oscilloscope 0.0015 245 229 309 416
oscilloscope 0.0013 409 259 416 327
welder station 0.0179 87 237 176 414
welder station 0.0032 189 183 267 292
welder station 0.0020 306 210 391 330
welder station 0.0013 245 229 309 416
welder station 0.0010 404 245 416 410
electric screwdriver 0.0035 180 181 263 293
electric screwdriver 0.0033 313 210 404 327
electric screwdriver 0.0017 245 229 309 416
electric screwdriver 0.0010 77 239 172 416
screwdriver- 0.0086 77 239 172 416
screwdriver- 0.0051 245 229 309 416
screwdriver- 0.0036 184 190 259 294
screwdriver- 0.0034 311 206 406 333
screwdriver- 0.0021 154 186 183 247
pliers 0.0031 311 206 406 333
pliers 0.0021 189 183 267 292
pliers 0.0017 77 239 172 416
welder probe tip 0.0017 245 214 306 350
welder probe tip 0.0014 311 206 406 333
welder probe tip 0.0012 77 239 172 416
oscilloscope probe tip 0.0034 181 192 263 297
oscilloscope probe tip 0.0033 313 216 404 333
oscilloscope probe tip 0.0016 245 229 309 416
oscilloscope probe tip 0.0012 77 239 172 416
oscilloscope probe tip 0.0010 154 186 183 247
low voltage board 0.0058 77 239 172 416
low voltage board 0.0030 311 206 406 333
low voltage board 0.0027 180 181 263 293
low voltage board 0.0026 245 229 309 416
high voltage board 0.0059 77 239 172 416
high voltage board 0.0036 189 183 267 292
high voltage board 0.0031 311 206 406 333
register 0.0156 77 239 172 416
register 0.0026 189 183 267 292
register 0.0020 313 210 404 327
register 0.0014 245 229 309 416
electric screwdriver battery 0.0050 184 190 259 294
electric screwdriver battery 0.0033 306 210 391 330
electric screwdriver battery 0.0016 77 239 172 416
working area 0.0349 77 239 172 416
working area 0.0052 245 229 309 416
working area 0.0025 181 192 263 297
working area 0.0012 306 210 391 330
welder base 0.0171 89 211 176 416
welder base 0.0025 245 229 309 416
welder base 0.0010 180 181 263 293
welder base 0.0010 313 216 404 333
socket 0.9967 312 216 404 329
socket 0.9961 190 189 265 296
socket 0.0623 245 214 306 350
socket 0.0089 155 194 181 263
socket 0.0076 407 247 415 309
socket 0.0074 77 239 172 416
socket 0.0059 409 259 416 327
socket 0.0032 158 210 175 249
socket 0.0022 288 158 400 337
socket 0.0018 208 216 255 301
socket 0.0017 404 238 416 324
socket 0.0016 302 195 376 302
socket 0.0015 403 241 414 287
socket 0.0012 342 236 380 319
left red button 0.0024 77 239 172 416
left red button 0.0012 184 190 259 294
left green button 0.0012 77 239 172 416
left green button 0.0010 180 181 263 293
right red button 0.0018 77 239 172 416
right red button 0.0011 184 190 259 294
right red button 0.0010 245 229 309 416
right red button 0.0010 306 210 391 330
right green button 0.0016 77 239 172 416
right green button 0.0015 180 181 263 293
hand 0.9984 248 216 305 381
hand 0.0042 184 190 259 294
hand 0.0029 306 210 391 330
hand 0.0023 77 239 172 416
hand 0.0014 257 236 331 366
hand 0.0013 407 247 415 309
hand 0.0010 409 259 416 327
