power supply 0.0121 -5 194 233 419
power supply 0.0024 404 379 415 413
power supply 0.0021 251 225 353 419
power supply 0.0011 379 218 412 339
oscilloscope 0.9946 -5 194 233 419
oscilloscope 0.0030 404 379 415 413
oscilloscope 0.0023 251 225 353 419
oscilloscope 0.0016 28 293 248 418
oscilloscope 0.0014 61 188 345 424
welder station 0.0212 -5 194 233 419
welder station 0.0092 404 379 415 413
welder station 0.0028 251 225 353 419
welder station 0.0011 244 239 277 346
electric screwdriver 0.0068 404 379 415 413
electric screwdriver 0.0054 251 225 353 419
electric screwdriver 0.0039 -9 158 239 402
electric screwdriver 0.0016 400 331 417 421
screwdriver- 0.4810 404 379 415 413
screwdriver- 0.0293 400 331 417 421
screwdriver- 0.0192 244 239 277 346
screwdriver- 0.0173 233 208 337 403
screwdriver- 0.0170 370 370 417 415
screwdriver- 0.0155 406 354 416 401
screwdriver- 0.0054 395 379 418 428
screwdriver- 0.0052 374 397 414 416
screwdriver- 0.0050 351 369 403 416
screwdriver- 0.0045 -9 158 239 402
screwdriver- 0.0028 346 400 408 416
screwdriver- 0.0017 378 379 409 411
screwdriver- 0.0014 240 237 265 324
screwdriver- 0.0014 373 338 414 412
screwdriver- 0.0010 236 213 310 338
screwdriver- 0.0010 245 262 311 407
pliers 0.2155 404 379 415 413
pliers 0.0071 400 331 417 421
pliers 0.0062 406 354 416 401
pliers 0.0049 233 208 337 403
pliers 0.0036 -9 158 239 402
pliers 0.0032 370 370 417 415
pliers 0.0029 244 239 277 346
pliers 0.0023 0 245 16 276
pliers 0.0023 374 397 414 416
pliers 0.0022 346 400 408 416
pliers 0.0018 351 369 403 416
pliers 0.0010 -1 235 18 322
welder probe tip 0.0056 -9 158 239 402
welder probe tip 0.0045 233 208 337 403
welder probe tip 0.0024 404 379 415 413
welder probe tip 0.0014 400 331 417 421
welder probe tip 0.0014 244 239 277 346
oscilloscope probe tip 0.0063 404 379 415 413
oscilloscope probe tip 0.0039 233 208 337 403
oscilloscope probe tip 0.0028 244 239 277 346
oscilloscope probe tip 0.0022 -9 158 239 402
oscilloscope probe tip 0.0016 400 331 417 421
oscilloscope probe tip 0.0013 406 354 416 401
low voltage board 0.0099 -5 194 233 419
low voltage board 0.0052 404 379 415 413
low voltage board 0.0022 251 225 353 419
low voltage board 0.0010 400 331 417 421
high voltage board 0.0133 9 215 270 438
high voltage board 0.0075 404 379 415 413
high voltage board 0.0020 243 195 350 371
high voltage board 0.0016 400 331 417 421
high voltage board 0.0011 244 239 277 346
high voltage board 0.0010 370 370 417 415
register 0.0072 -9 158 239 402
register 0.0033 251 225 353 419
register 0.0018 404 379 415 413
register 0.0011 -19 23 372 328
electric screwdriver battery 0.0036 -9 158 239 402
electric screwdriver battery 0.0025 404 379 415 413
electric screwdriver battery 0.0014 233 208 337 403
working area 0.0158 251 225 353 419
working area 0.0103 27 197 248 417
working area 0.0031 -19 23 372 328
working area 0.0020 404 379 415 413
working area 0.0011 346 400 408 416
welder base 0.0029 404 379 415 413
welder base 0.0027 -9 158 239 402
welder base 0.0023 233 208 337 403
socket 0.0561 243 195 350 371
socket 0.0125 0 245 16 276
socket 0.0102 260 218 337 326
socket 0.0070 0 334 15 417
socket 0.0057 0 350 11 399
socket 0.0056 -9 158 239 402
socket 0.0041 402 389 415 416
socket 0.0036 285 223 331 305
socket 0.0033 0 336 10 382
socket 0.0032 244 239 277 346
socket 0.0024 236 213 310 338
socket 0.0024 -1 235 18 322
socket 0.0024 0 370 12 412
socket 0.0015 0 254 13 300
left red button 0.0030 -3 200 243 414
left red button 0.0012 251 225 353 419
left green button 0.0036 -9 158 239 402
left green button 0.0014 251 225 353 419
left green button 0.0012 404 379 415 413
right red button 0.0038 -9 158 239 402
right red button 0.0013 251 225 353 419
right green button 0.0031 -9 158 239 402
right green button 0.0011 404 379 415 413
right green button 0.0011 251 225 353 419
hand 0.9902 247 209 348 409
hand 0.0101 -9 158 239 402
hand 0.0071 240 227 308 377
hand 0.0035 346 400 408 416
hand 0.0019 351 369 403 416
hand 0.0017 400 331 417 421
hand 0.0014 374 397 414 416
hand 0.0013 370 370 417 415
hand 0.0012 402 389 415 416
hand 0.0012 0 245 16 276
