power supply 0.0130 17 157 264 401
power supply 0.0025 2 23 34 88
power supply 0.0019 207 187 314 307
power supply 0.0014 0 369 11 414
oscilloscope 0.9959 -3 183 231 419
oscilloscope 0.0107 205 181 299 319
oscilloscope 0.0028 2 23 34 88
oscilloscope 0.0017 0 369 11 414
oscilloscope 0.0014 -4 320 45 414
oscilloscope 0.0014 0 366 39 415
oscilloscope 0.0013 51 181 360 428
welder station 0.0208 17 157 264 401
welder station 0.0047 207 187 314 307
welder station 0.0010 2 23 34 88
electric screwdriver 0.0097 17 157 264 401
electric screwdriver 0.0033 203 183 300 340
screwdriver- 0.0138 207 187 314 307
screwdriver- 0.0047 17 157 264 401
screwdriver- 0.0015 273 201 341 296
screwdriver- 0.0011 0 369 11 414
screwdriver- 0.0011 236 171 355 323
pliers 0.0045 207 187 314 307
pliers 0.0044 17 157 264 401
pliers 0.0020 171 401 200 415
pliers 0.0017 2 23 34 88
pliers 0.0015 0 198 24 227
pliers 0.0011 179 403 215 415
pliers 0.0010 319 381 414 416
welder probe tip 0.0090 17 157 264 401
welder probe tip 0.0056 205 181 299 319
oscilloscope probe tip 0.0042 17 157 264 401
oscilloscope probe tip 0.0041 207 187 314 307
oscilloscope probe tip 0.0024 171 401 200 415
oscilloscope probe tip 0.0011 179 403 215 415
low voltage board 0.0101 17 157 264 401
low voltage board 0.0074 203 183 300 340
low voltage board 0.0010 2 23 34 88
high voltage board 0.0166 17 157 264 401
high voltage board 0.0048 203 183 300 340
high voltage board 0.0010 2 23 34 88
register 0.0127 17 157 264 401
register 0.0018 203 183 300 340
electric screwdriver battery 0.0028 17 157 264 401
electric screwdriver battery 0.0017 207 187 314 307
working area 0.0090 26 189 245 414
working area 0.0020 114 179 365 429
working area 0.0017 203 183 300 340
working area 0.0013 165 383 315 416
working area 0.0012 342 395 410 416
welder base 0.0034 17 157 264 401
welder base 0.0021 203 183 300 340
welder base 0.0014 0 369 11 414
welder base 0.0013 2 23 34 88
socket 0.0372 0 369 11 414
socket 0.0106 207 187 314 307
socket 0.0080 0 351 9 401
socket 0.0062 0 198 24 227
socket 0.0062 0 360 18 421
socket 0.0062 0 366 39 415
socket 0.0057 17 157 264 401
socket 0.0026 273 201 341 296
socket 0.0013 -4 320 45 414
socket 0.0012 -1 191 22 269
socket 0.0012 0 301 15 419
socket 0.0011 0 334 9 383
socket 0.0011 -1 391 15 416
left red button 0.0049 17 157 264 401
left red button 0.0014 203 183 300 340
left green button 0.0044 17 157 264 401
left green button 0.0017 207 187 314 307
right red button 0.0047 17 157 264 401
right red button 0.0020 207 187 314 307
right green button 0.0033 17 157 264 401
right green button 0.0016 207 187 314 307
hand 0.9877 207 180 316 323
hand 0.0670 0 369 11 414
hand 0.0195 17 157 264 401
hand 0.0160 0 360 18 421
hand 0.0129 319 381 414 416
hand 0.0095 0 366 39 415
hand 0.0090 342 395 410 416
hand 0.0083 0 351 9 401
hand 0.0066 -4 320 45 414
hand 0.0058 205 192 340 404
hand 0.0056 0 301 15 419
hand 0.0035 179 403 215 415
hand 0.0030 193 402 270 415
hand 0.0028 171 401 200 415
hand 0.0022 -3 367 97 417
hand 0.0016 0 334 9 383
hand 0.0016 -1 391 15 416
hand 0.0012 0 198 24 227
hand 0.0011 -2 309 84 410
hand 0.0011 369 398 415 416
