power supply 0.0088 2 18 145 169
power supply 0.0071 195 165 414 430
power supply 0.0014 291 103 364 180
power supply 0.0012 255 157 271 182
power supply 0.0011 399 164 416 262
oscilloscope 0.9963 0 28 142 189
oscilloscope 0.0070 197 142 414 399
oscilloscope 0.0034 23 288 223 401
oscilloscope 0.0033 276 158 404 349
oscilloscope 0.0022 10 360 344 426
oscilloscope 0.0021 74 200 135 275
oscilloscope 0.0021 291 107 367 201
oscilloscope 0.0018 399 164 416 262
oscilloscope 0.0012 -25 336 373 461
welder station 0.9441 291 107 367 201
welder station 0.0194 197 142 414 399
welder station 0.0142 321 133 366 200
welder station 0.0111 2 18 145 169
welder station 0.0088 263 123 330 216
welder station 0.0053 271 136 288 164
welder station 0.0033 364 162 390 203
welder station 0.0032 398 164 416 230
welder station 0.0028 276 158 404 349
welder station 0.0026 302 108 355 171
welder station 0.0023 403 213 415 378
welder station 0.0019 408 257 415 329
welder station 0.0018 255 157 271 182
welder station 0.0016 72 200 139 274
welder station 0.0016 248 83 367 211
welder station 0.0014 325 147 406 207
welder station 0.0011 310 122 353 208
welder station 0.0010 176 304 198 348
welder station 0.0010 400 163 416 299
welder station 0.0010 294 103 333 171
electric screwdriver 0.9195 197 142 414 399
electric screwdriver 0.0504 276 158 404 349
electric screwdriver 0.0097 3 56 148 203
electric screwdriver 0.0054 23 288 223 401
electric screwdriver 0.0034 257 239 417 423
electric screwdriver 0.0013 10 360 344 426
electric screwdriver 0.0011 397 395 417 416
electric screwdriver 0.0010 -4 313 352 419
screwdriver- 0.0086 2 18 145 169
screwdriver- 0.0054 345 396 372 415
screwdriver- 0.0030 321 369 366 414
screwdriver- 0.0029 195 165 414 430
screwdriver- 0.0019 74 200 135 275
screwdriver- 0.0019 276 158 404 349
screwdriver- 0.0018 271 136 288 164
screwdriver- 0.0017 322 395 367 416
screwdriver- 0.0016 202 328 224 362
screwdriver- 0.0015 337 370 380 415
screwdriver- 0.0014 291 107 367 201
screwdriver- 0.0012 398 165 416 209
screwdriver- 0.0012 397 395 417 416
screwdriver- 0.0011 255 157 271 182
screwdriver- 0.0011 23 288 223 401
screwdriver- 0.0010 176 304 198 348
pliers 0.0113 23 288 223 401
pliers 0.0089 74 200 135 275
pliers 0.0086 2 18 145 169
pliers 0.0061 271 136 288 164
pliers 0.0034 195 165 414 430
pliers 0.0033 255 157 271 182
pliers 0.0031 202 328 224 362
pliers 0.0024 345 396 372 415
pliers 0.0023 397 395 417 416
pliers 0.0019 293 108 366 201
pliers 0.0018 176 304 198 348
pliers 0.0014 399 164 416 262
pliers 0.0012 263 123 330 216
pliers 0.0012 337 370 380 415
welder probe tip 0.0055 276 158 404 349
welder probe tip 0.0048 72 200 139 274
welder probe tip 0.0044 23 288 223 401
welder probe tip 0.0032 2 18 145 169
welder probe tip 0.0028 195 165 414 430
welder probe tip 0.0015 2 324 335 414
welder probe tip 0.0014 271 136 288 164
welder probe tip 0.0011 255 157 271 182
welder probe tip 0.0011 293 108 366 201
oscilloscope probe tip 0.9635 73 203 136 279
oscilloscope probe tip 0.0077 2 18 145 169
oscilloscope probe tip 0.0066 202 328 224 362
oscilloscope probe tip 0.0033 23 288 223 401
oscilloscope probe tip 0.0024 195 165 414 430
oscilloscope probe tip 0.0019 345 396 372 415
oscilloscope probe tip 0.0018 291 107 367 201
oscilloscope probe tip 0.0016 176 304 198 348
oscilloscope probe tip 0.0016 10 360 344 426
oscilloscope probe tip 0.0013 399 164 416 262
oscilloscope probe tip 0.0012 157 402 210 416
oscilloscope probe tip 0.0011 119 204 144 229
oscilloscope probe tip 0.0011 107 204 135 234
oscilloscope probe tip 0.0011 200 294 229 364
oscilloscope probe tip 0.0011 397 395 417 416
low voltage board 0.0187 2 18 145 169
low voltage board 0.0152 197 142 414 399
low voltage board 0.0124 23 288 223 401
low voltage board 0.0095 276 158 404 349
low voltage board 0.0023 72 200 139 274
low voltage board 0.0020 293 108 366 201
high voltage board 0.9730 49 293 229 398
high voltage board 0.0547 2 324 335 414
high voltage board 0.0050 72 200 139 274
high voltage board 0.0033 -7 25 130 187
high voltage board 0.0020 34 229 196 394
high voltage board 0.0016 122 295 225 386
high voltage board 0.0013 195 165 414 430
high voltage board 0.0013 -25 336 373 461
register 0.0200 2 18 145 169
register 0.0093 195 165 414 430
register 0.0024 276 158 404 349
register 0.0019 23 288 223 401
register 0.0016 10 360 344 426
register 0.0015 74 200 135 275
electric screwdriver battery 0.0041 2 18 145 169
electric screwdriver battery 0.0031 195 165 414 430
electric screwdriver battery 0.0016 271 136 288 164
electric screwdriver battery 0.0014 74 200 135 275
electric screwdriver battery 0.0010 398 165 416 209
electric screwdriver battery 0.0010 293 108 366 201
working area 0.8592 2 324 335 414
working area 0.1318 216 153 409 381
working area 0.0609 49 288 283 402
working area 0.0429 -25 336 373 461
working area 0.0241 76 360 331 423
working area 0.0104 3 56 148 203
working area 0.0075 218 339 325 410
working area 0.0056 58 389 309 422
working area 0.0056 112 338 293 409
working area 0.0030 242 326 366 415
working area 0.0025 -11 354 241 429
working area 0.0023 40 295 197 385
working area 0.0017 183 358 314 416
working area 0.0015 74 200 135 275
working area 0.0015 173 217 431 441
working area 0.0012 397 395 417 416
working area 0.0011 -8 16 125 167
working area 0.0010 293 108 366 201
welder base 0.0064 2 18 145 169
welder base 0.0035 195 165 414 430
welder base 0.0029 293 108 366 201
welder base 0.0023 23 288 223 401
welder base 0.0021 255 157 271 182
welder base 0.0019 271 136 288 164
welder base 0.0017 10 360 344 426
welder base 0.0012 397 395 417 416
welder base 0.0011 276 158 404 349
socket 0.9819 368 161 387 202
socket 0.8396 398 165 416 209
socket 0.0386 399 164 416 262
socket 0.0370 271 136 288 164
socket 0.0117 2 18 145 169
socket 0.0043 195 165 414 430
socket 0.0039 397 395 417 416
socket 0.0038 399 155 413 190
socket 0.0032 255 157 271 182
socket 0.0030 374 164 414 229
socket 0.0029 356 156 370 184
socket 0.0026 341 157 385 203
socket 0.0023 354 167 375 197
socket 0.0021 384 164 404 205
socket 0.0018 270 145 285 185
socket 0.0017 403 186 416 239
socket 0.0017 72 200 139 274
socket 0.0017 397 132 416 213
socket 0.0014 408 246 416 312
socket 0.0013 23 288 223 401
socket 0.0011 267 126 295 181
socket 0.0011 360 166 394 223
socket 0.0011 400 375 417 413
socket 0.0010 0 137 7 165
socket 0.0010 276 158 404 349
socket 0.0010 366 397 419 416
socket 0.0010 291 107 367 201
left red button 0.0041 2 18 145 169
left red button 0.0035 195 165 414 430
left red button 0.0012 23 288 223 401
left red button 0.0010 397 395 417 416
left green button 0.0038 2 18 145 169
left green button 0.0032 195 165 414 430
right red button 0.0037 2 18 145 169
right red button 0.0024 195 165 414 430
right red button 0.0010 10 360 344 426
right red button 0.0010 23 288 223 401
right green button 0.0047 2 18 145 169
right green button 0.0016 195 165 414 430
hand 0.9996 276 176 409 358
hand 0.0269 218 152 446 397
hand 0.0153 397 395 417 416
hand 0.0097 23 288 223 401
hand 0.0055 -7 25 130 187
hand 0.0046 366 397 419 416
hand 0.0029 293 108 366 201
hand 0.0027 400 375 417 413
hand 0.0024 2 324 335 414
hand 0.0022 353 398 397 416
hand 0.0021 74 200 135 275
hand 0.0014 399 164 416 262
hand 0.0013 271 136 288 164
hand 0.0012 345 396 372 415
hand 0.0011 219 361 324 418
hand 0.0010 357 165 420 382
