power supply 0.0055 65 194 258 354
power supply 0.0035 392 180 415 320
power supply 0.0011 11 229 62 304
oscilloscope 0.9982 56 194 228 353
oscilloscope 0.0064 14 238 59 307
oscilloscope 0.0039 391 198 414 353
oscilloscope 0.0026 202 173 275 280
oscilloscope 0.0010 283 238 341 251
welder station 0.9951 391 187 414 336
welder station 0.0104 40 196 207 353
welder station 0.0059 361 237 392 250
welder station 0.0041 386 223 411 362
welder station 0.0035 205 194 317 271
welder station 0.0026 271 220 291 247
welder station 0.0019 383 186 428 315
welder station 0.0013 397 270 413 321
welder station 0.0012 202 173 275 280
welder station 0.0012 399 219 415 275
electric screwdriver 0.0021 14 238 59 307
electric screwdriver 0.0015 40 196 207 353
electric screwdriver 0.0012 199 172 285 292
screwdriver- 0.0038 392 221 414 364
screwdriver- 0.0033 65 194 258 354
screwdriver- 0.0026 205 194 317 271
screwdriver- 0.0020 203 169 274 271
screwdriver- 0.0018 14 238 59 307
pliers 0.0050 205 194 317 271
pliers 0.0028 283 238 341 251
pliers 0.0025 65 194 258 354
pliers 0.0023 361 237 392 250
pliers 0.0022 271 220 291 247
pliers 0.0018 14 238 59 307
pliers 0.0014 248 216 357 254
pliers 0.0013 392 221 414 364
pliers 0.0011 203 169 274 271
pliers 0.0010 206 205 226 227
welder probe tip 0.0025 65 194 258 354
welder probe tip 0.0020 200 183 314 272
oscilloscope probe tip 0.0030 14 238 59 307
oscilloscope probe tip 0.0022 65 194 258 354
oscilloscope probe tip 0.0021 203 169 274 271
oscilloscope probe tip 0.0016 392 221 414 364
oscilloscope probe tip 0.0011 205 194 317 271
oscilloscope probe tip 0.0011 283 238 341 251
oscilloscope probe tip 0.0011 361 237 392 250
low voltage board 0.0034 14 238 59 307
low voltage board 0.0026 65 194 258 354
low voltage board 0.0021 206 194 285 287
low voltage board 0.0015 201 174 313 262
high voltage board 0.0249 200 183 314 272
high voltage board 0.0024 212 202 342 258
high voltage board 0.0017 65 194 258 354
high voltage board 0.0015 392 221 414 364
high voltage board 0.0014 203 193 269 291
register 0.0065 40 196 207 353
register 0.0012 14 238 59 307
register 0.0010 205 194 317 271
electric screwdriver battery 0.0031 14 238 59 307
electric screwdriver battery 0.0018 65 194 258 354
working area 0.0106 65 194 258 354
working area 0.0057 202 173 275 280
working area 0.0024 14 238 59 307
working area 0.0010 205 194 317 271
welder base 0.0196 392 180 415 320
welder base 0.0026 65 194 258 354
welder base 0.0010 203 169 274 271
welder base 0.0010 393 241 414 375
socket 0.9960 16 232 60 301
socket 0.0075 25 241 54 286
socket 0.0074 205 173 281 279
socket 0.0024 65 194 258 354
socket 0.0023 233 268 257 296
socket 0.0018 -1 249 12 271
socket 0.0013 0 262 10 296
socket 0.0013 391 198 414 353
socket 0.0012 271 220 291 247
socket 0.0011 225 260 236 299
socket 0.0010 30 205 53 230
socket 0.0010 -1 240 15 260
socket 0.0010 43 246 58 280
left red button 0.0015 65 194 258 354
left red button 0.0014 14 238 59 307
left green button 0.0017 65 194 258 354
left green button 0.0017 14 238 59 307
right red button 0.0022 65 194 258 354
right red button 0.0010 14 238 59 307
right green button 0.0026 65 194 258 354
right green button 0.0012 14 238 59 307
hand 0.9988 206 171 279 270
hand 0.0024 14 238 59 307
hand 0.0018 40 196 207 353
