power supply 0.9883 4 119 143 426
power supply 0.0373 402 245 415 412
power supply 0.0147 305 177 410 342
power supply 0.0071 -1 223 91 428
power supply 0.0031 119 138 155 200
power supply 0.0028 404 327 415 422
power supply 0.0016 398 218 417 341
power supply 0.0014 28 22 85 128
power supply 0.0013 408 338 415 410
power supply 0.0011 221 199 293 325
power supply 0.0011 408 306 415 380
power supply 0.0010 167 134 252 244
oscilloscope 0.2950 402 245 415 412
oscilloscope 0.0682 404 327 415 422
oscilloscope 0.0283 305 177 410 342
oscilloscope 0.0236 -11 124 127 426
oscilloscope 0.0200 408 338 415 410
oscilloscope 0.0172 408 306 415 380
oscilloscope 0.0059 406 361 415 419
oscilloscope 0.0036 382 252 411 403
oscilloscope 0.0031 405 277 414 343
oscilloscope 0.0030 398 218 417 341
oscilloscope 0.0028 119 138 155 200
oscilloscope 0.0021 163 143 250 246
oscilloscope 0.0016 199 204 279 321
oscilloscope 0.0011 223 194 297 310
welder station 0.0098 -34 116 133 424
welder station 0.0058 212 193 285 314
welder station 0.0039 163 124 255 246
welder station 0.0039 119 138 155 200
welder station 0.0026 296 182 398 333
welder station 0.0025 402 245 415 412
welder station 0.0024 145 342 184 406
welder station 0.0013 135 370 192 408
welder station 0.0011 28 22 85 128
welder station 0.0010 404 327 415 422
electric screwdriver 0.0032 296 182 398 333
electric screwdriver 0.0027 135 370 192 408
electric screwdriver 0.0025 210 198 288 324
electric screwdriver 0.0017 145 342 184 406
electric screwdriver 0.0016 163 132 249 247
electric screwdriver 0.0012 119 138 155 200
screwdriver- 0.0361 145 342 184 406
screwdriver- 0.0160 135 370 192 408
screwdriver- 0.0087 163 124 255 246
screwdriver- 0.0072 -11 124 127 426
screwdriver- 0.0061 303 172 405 317
screwdriver- 0.0060 122 335 188 414
screwdriver- 0.0044 119 138 155 200
screwdriver- 0.0041 221 199 293 325
screwdriver- 0.0035 126 385 144 406
screwdriver- 0.0030 56 137 143 406
screwdriver- 0.0025 146 343 163 383
screwdriver- 0.0024 140 333 168 394
screwdriver- 0.0012 25 89 129 347
screwdriver- 0.0011 243 165 254 201
screwdriver- 0.0010 400 226 415 400
pliers 0.0036 221 199 293 325
pliers 0.0026 119 138 155 200
pliers 0.0023 126 385 144 406
pliers 0.0023 303 172 405 317
pliers 0.0021 135 370 192 408
pliers 0.0016 -34 116 133 424
pliers 0.0010 145 342 184 406
welder probe tip 0.0174 135 370 192 408
welder probe tip 0.0149 145 342 184 406
welder probe tip 0.0041 212 193 285 314
welder probe tip 0.0025 305 177 410 342
welder probe tip 0.0023 126 385 144 406
welder probe tip 0.0020 122 335 188 414
welder probe tip 0.0019 159 343 179 378
welder probe tip 0.0018 146 343 163 383
welder probe tip 0.0017 -34 116 133 424
welder probe tip 0.0015 163 124 255 246
welder probe tip 0.0013 140 333 168 394
welder probe tip 0.0010 119 138 155 200
oscilloscope probe tip 0.0030 199 204 279 321
oscilloscope probe tip 0.0028 296 182 398 333
oscilloscope probe tip 0.0025 119 138 155 200
oscilloscope probe tip 0.0017 -11 124 127 426
oscilloscope probe tip 0.0014 404 327 415 422
oscilloscope probe tip 0.0013 223 194 297 310
low voltage board 0.0317 -11 124 127 426
low voltage board 0.0020 296 182 398 333
low voltage board 0.0020 163 124 255 246
low voltage board 0.0017 119 138 155 200
low voltage board 0.0013 135 370 192 408
low voltage board 0.0011 215 212 286 332
low voltage board 0.0011 402 245 415 412
high voltage board 0.0104 -6 163 114 433
high voltage board 0.0045 135 370 192 408
high voltage board 0.0038 303 172 405 317
high voltage board 0.0026 145 342 184 406
high voltage board 0.0024 163 124 255 246
high voltage board 0.0022 117 329 188 415
high voltage board 0.0022 215 212 286 332
high voltage board 0.0016 119 138 155 200
high voltage board 0.0013 56 137 143 406
register 0.0204 -11 124 127 426
register 0.0065 296 182 398 333
register 0.0019 25 89 129 347
register 0.0016 119 138 155 200
register 0.0013 223 194 297 310
register 0.0012 135 370 192 408
register 0.0010 163 132 249 247
electric screwdriver battery 0.0043 297 177 398 309
electric screwdriver battery 0.0036 135 370 192 408
electric screwdriver battery 0.0018 145 342 184 406
electric screwdriver battery 0.0017 167 134 252 244
electric screwdriver battery 0.0016 119 138 155 200
electric screwdriver battery 0.0015 -34 116 133 424
electric screwdriver battery 0.0010 223 194 297 310
working area 0.1922 -34 116 133 424
working area 0.0114 305 177 410 342
working area 0.0073 199 204 279 321
working area 0.0017 56 137 143 406
working area 0.0013 110 374 306 419
working area 0.0013 119 138 155 200
working area 0.0012 135 370 192 408
working area 0.0011 223 194 297 310
welder base 0.0078 145 342 184 406
welder base 0.0053 -11 124 127 426
welder base 0.0037 135 370 192 408
welder base 0.0032 117 329 188 415
welder base 0.0020 296 182 398 333
welder base 0.0012 210 198 288 324
welder base 0.0010 119 138 155 200
socket 0.9991 166 141 254 248
socket 0.9843 297 176 401 312
socket 0.0139 119 138 155 200
socket 0.0060 212 193 285 314
socket 0.0029 243 165 254 201
socket 0.0023 398 218 417 341
socket 0.0021 0 357 12 397
socket 0.0016 126 385 144 406
socket 0.0015 -9 91 124 394
socket 0.0015 404 327 415 422
socket 0.0015 401 242 415 278
socket 0.0013 123 149 145 186
socket 0.0013 406 361 415 419
socket 0.0011 164 109 295 256
socket 0.0011 128 148 169 216
socket 0.0010 400 231 416 265
socket 0.0010 402 245 415 412
socket 0.0010 28 22 85 128
left red button 0.0026 305 177 410 342
left red button 0.0026 -11 124 127 426
left red button 0.0013 119 138 155 200
left green button 0.0028 305 177 410 342
left green button 0.0019 -11 124 127 426
left green button 0.0015 119 138 155 200
left green button 0.0014 221 199 293 325
left green button 0.0011 135 370 192 408
right red button 0.0024 305 177 410 342
right red button 0.0020 -9 91 124 394
right red button 0.0013 223 194 297 310
right red button 0.0012 119 138 155 200
right green button 0.0033 305 177 410 342
right green button 0.0018 -34 116 133 424
right green button 0.0014 119 138 155 200
right green button 0.0012 135 370 192 408
right green button 0.0011 221 199 293 325
hand 0.9994 216 200 287 322
hand 0.0062 -11 124 127 426
hand 0.0050 303 172 405 317
hand 0.0022 402 245 415 412
hand 0.0021 0 369 85 416
hand 0.0020 135 370 192 408
hand 0.0020 116 394 152 413
hand 0.0017 0 357 12 397
hand 0.0017 122 394 186 415
hand 0.0013 134 385 192 420
hand 0.0012 117 329 188 415
hand 0.0011 404 327 415 422
hand 0.0011 119 138 155 200
hand 0.0010 0 371 13 409
