power supply 0.9983 45 66 165 413
power supply 0.0262 91 100 169 380
power supply 0.0195 403 237 416 418
power supply 0.0181 315 185 410 333
power supply 0.0061 233 180 305 325
power supply 0.0016 186 119 258 223
oscilloscope 0.2078 315 185 410 333
oscilloscope 0.1466 403 237 416 418
oscilloscope 0.0114 27 69 156 357
oscilloscope 0.0091 231 180 308 326
oscilloscope 0.0060 201 115 282 230
oscilloscope 0.0049 408 291 415 362
oscilloscope 0.0024 380 232 411 390
oscilloscope 0.0011 380 256 438 396
oscilloscope 0.0010 407 245 415 310
welder station 0.0119 231 180 308 326
welder station 0.0086 162 293 201 361
welder station 0.0055 27 69 156 357
welder station 0.0054 403 237 416 418
welder station 0.0049 315 185 410 333
welder station 0.0024 201 115 282 230
welder station 0.0012 166 122 195 147
electric screwdriver 0.0038 201 115 282 230
electric screwdriver 0.0025 231 180 308 326
electric screwdriver 0.0022 315 185 410 333
electric screwdriver 0.0012 166 122 195 147
electric screwdriver 0.0011 403 237 416 418
screwdriver- 0.0100 27 83 158 395
screwdriver- 0.0067 162 293 201 361
screwdriver- 0.0058 233 180 305 325
screwdriver- 0.0053 315 185 410 333
screwdriver- 0.0020 91 100 169 380
screwdriver- 0.0020 166 122 195 147
screwdriver- 0.0015 403 237 416 418
screwdriver- 0.0015 190 114 284 233
pliers 0.0045 166 122 195 147
pliers 0.0029 315 185 410 333
pliers 0.0025 233 180 305 325
pliers 0.0020 91 374 112 412
pliers 0.0018 27 69 156 357
pliers 0.0014 201 115 282 230
pliers 0.0011 159 115 200 157
welder probe tip 0.0041 233 180 305 325
welder probe tip 0.0036 78 363 98 393
welder probe tip 0.0031 315 185 410 333
welder probe tip 0.0023 27 69 156 357
welder probe tip 0.0013 66 359 85 398
welder probe tip 0.0011 61 350 89 409
oscilloscope probe tip 0.0042 315 185 410 333
oscilloscope probe tip 0.0038 231 180 308 326
oscilloscope probe tip 0.0028 202 127 281 231
oscilloscope probe tip 0.0019 166 122 195 147
oscilloscope probe tip 0.0017 27 69 156 357
oscilloscope probe tip 0.0014 160 154 173 175
oscilloscope probe tip 0.0014 160 138 179 163
oscilloscope probe tip 0.0013 403 237 416 418
low voltage board 0.0085 27 69 156 357
low voltage board 0.0030 233 180 305 325
low voltage board 0.0026 322 200 409 318
low voltage board 0.0023 201 115 282 230
low voltage board 0.0012 403 237 416 418
low voltage board 0.0011 166 122 195 147
high voltage board 0.0099 27 83 158 395
high voltage board 0.0052 315 185 410 333
high voltage board 0.0032 236 190 310 336
high voltage board 0.0018 201 115 282 230
high voltage board 0.0015 146 291 212 373
high voltage board 0.0012 166 122 195 147
register 0.0255 27 69 156 357
register 0.0113 315 185 410 333
register 0.0027 233 180 305 325
register 0.0019 201 115 282 230
register 0.0016 166 122 195 147
electric screwdriver battery 0.0043 315 185 410 333
electric screwdriver battery 0.0028 233 180 305 325
electric screwdriver battery 0.0023 201 115 282 230
electric screwdriver battery 0.0019 27 69 156 357
electric screwdriver battery 0.0012 185 126 255 224
electric screwdriver battery 0.0012 166 122 195 147
working area 0.0748 4 83 160 398
working area 0.0104 315 185 410 333
working area 0.0062 231 180 308 326
working area 0.0015 166 122 195 147
working area 0.0011 403 237 416 418
welder base 0.0080 231 180 308 326
welder base 0.0060 27 83 158 395
welder base 0.0019 315 185 410 333
welder base 0.0012 403 237 416 418
welder base 0.0012 58 310 120 409
welder base 0.0011 67 364 109 414
socket 0.9994 196 120 278 229
socket 0.9905 313 181 408 309
socket 0.0119 166 122 195 147
socket 0.0063 405 203 414 258
socket 0.0048 407 220 415 270
socket 0.0039 160 138 179 163
socket 0.0036 233 180 305 325
socket 0.0033 162 122 197 178
socket 0.0031 196 125 235 213
socket 0.0029 159 115 200 157
socket 0.0026 214 138 254 223
socket 0.0025 160 154 173 175
socket 0.0025 27 69 156 357
socket 0.0023 156 318 207 361
socket 0.0022 402 193 415 300
socket 0.0020 403 237 416 418
socket 0.0016 159 121 183 149
socket 0.0016 168 135 192 162
socket 0.0015 407 245 415 310
socket 0.0012 157 104 272 244
socket 0.0011 167 121 240 218
socket 0.0011 190 123 206 145
left red button 0.0037 27 69 156 357
left red button 0.0037 315 185 410 333
left red button 0.0023 233 180 305 325
left green button 0.0043 315 185 410 333
left green button 0.0022 27 69 156 357
left green button 0.0020 233 180 305 325
right red button 0.0031 315 185 410 333
right red button 0.0027 27 69 156 357
right red button 0.0020 233 180 305 325
right green button 0.0046 315 185 410 333
right green button 0.0020 231 180 308 326
right green button 0.0018 27 69 156 357
hand 0.9975 233 185 302 338
hand 0.0087 27 69 156 357
hand 0.0068 403 237 416 418
hand 0.0032 315 185 410 333
hand 0.0032 91 374 112 412
hand 0.0016 201 115 282 230
hand 0.0013 185 126 255 224
hand 0.0011 166 122 195 147
