power supply 0.0056 183 102 235 316
power supply 0.0052 -1 64 91 250
power supply 0.0033 261 50 344 209
power supply 0.0031 86 352 210 417
power supply 0.0023 198 104 332 355
power supply 0.0021 199 51 349 229
power supply 0.0018 362 51 416 121
power supply 0.0015 338 66 353 130
power supply 0.0015 167 57 255 243
power supply 0.0012 96 302 315 415
power supply 0.0010 78 240 172 358
power supply 0.0010 -6 335 168 412
oscilloscope 0.9917 0 70 88 259
oscilloscope 0.0050 199 51 349 229
oscilloscope 0.0023 366 48 415 110
oscilloscope 0.0017 9 339 198 415
oscilloscope 0.0016 94 344 204 416
oscilloscope 0.0014 186 82 308 283
oscilloscope 0.0013 261 50 344 209
oscilloscope 0.0013 69 240 178 361
oscilloscope 0.0010 369 195 415 323
welder station 0.9910 263 43 343 199
welder station 0.3100 199 51 349 229
welder station 0.0226 86 352 210 417
welder station 0.0200 296 67 352 202
welder station 0.0113 186 82 308 283
welder station 0.0069 338 66 353 130
welder station 0.0053 -1 64 91 250
welder station 0.0050 270 44 340 132
welder station 0.0029 78 240 172 358
welder station 0.0021 180 83 244 279
welder station 0.0019 -6 326 222 412
welder station 0.0011 205 109 231 137
welder station 0.0010 366 48 415 110
electric screwdriver 0.0110 368 193 417 320
electric screwdriver 0.0068 199 51 349 229
electric screwdriver 0.0064 69 240 178 361
electric screwdriver 0.0046 182 97 310 309
electric screwdriver 0.0034 366 48 415 110
electric screwdriver 0.0025 261 50 344 209
electric screwdriver 0.0014 -1 64 91 250
screwdriver- 0.6538 183 102 235 316
screwdriver- 0.3670 182 97 310 309
screwdriver- 0.0259 176 175 225 316
screwdriver- 0.0133 167 57 255 243
screwdriver- 0.0133 173 233 195 324
screwdriver- 0.0116 199 51 349 229
screwdriver- 0.0103 78 240 172 358
screwdriver- 0.0069 368 193 417 320
screwdriver- 0.0051 16 342 206 416
screwdriver- 0.0042 148 262 184 358
screwdriver- 0.0042 180 85 243 203
screwdriver- 0.0036 366 48 415 110
screwdriver- 0.0033 158 329 178 359
screwdriver- 0.0032 166 261 194 360
screwdriver- 0.0026 158 160 251 375
screwdriver- 0.0026 152 179 213 305
screwdriver- 0.0026 132 251 209 357
screwdriver- 0.0025 198 100 236 235
screwdriver- 0.0024 261 50 344 209
screwdriver- 0.0023 207 105 250 199
screwdriver- 0.0021 149 306 184 380
screwdriver- 0.0021 194 112 272 240
screwdriver- 0.0021 172 190 202 305
screwdriver- 0.0019 205 109 231 137
screwdriver- 0.0018 338 66 353 130
screwdriver- 0.0017 201 104 237 167
screwdriver- 0.0017 184 109 219 262
screwdriver- 0.0017 147 30 273 198
screwdriver- 0.0013 180 226 212 327
screwdriver- 0.0013 140 107 228 312
screwdriver- 0.0012 191 87 279 195
pliers 0.9953 369 188 415 299
pliers 0.0052 199 51 349 229
pliers 0.0037 361 164 426 324
pliers 0.0036 186 82 308 283
pliers 0.0033 78 240 172 358
pliers 0.0028 376 216 414 336
pliers 0.0028 183 102 235 316
pliers 0.0024 158 329 178 359
pliers 0.0019 205 109 231 137
pliers 0.0015 -1 64 91 250
pliers 0.0012 396 221 415 367
pliers 0.0011 362 192 401 269
welder probe tip 0.0212 186 82 308 283
welder probe tip 0.0155 180 83 244 279
welder probe tip 0.0148 199 51 349 229
welder probe tip 0.0023 106 241 185 355
welder probe tip 0.0019 366 48 415 110
welder probe tip 0.0017 181 156 228 316
welder probe tip 0.0011 261 50 344 209
oscilloscope probe tip 0.0104 183 102 235 316
oscilloscope probe tip 0.0098 186 82 308 283
oscilloscope probe tip 0.0046 199 51 349 229
oscilloscope probe tip 0.0044 369 195 415 323
oscilloscope probe tip 0.0032 366 48 415 110
oscilloscope probe tip 0.0020 106 241 185 355
oscilloscope probe tip 0.0014 338 66 353 130
oscilloscope probe tip 0.0012 16 342 206 416
oscilloscope probe tip 0.0012 -1 64 91 250
oscilloscope probe tip 0.0012 261 50 344 209
oscilloscope probe tip 0.0010 173 233 195 324
low voltage board 0.8999 94 345 201 416
low voltage board 0.2364 -6 326 222 412
low voltage board 0.0412 199 51 349 229
low voltage board 0.0120 -1 64 91 250
low voltage board 0.0112 24 351 260 423
low voltage board 0.0071 261 50 344 209
low voltage board 0.0047 35 308 300 417
low voltage board 0.0043 186 82 308 283
low voltage board 0.0038 129 342 230 412
low voltage board 0.0027 180 83 244 279
low voltage board 0.0023 366 48 415 110
low voltage board 0.0021 -18 359 183 417
low voltage board 0.0019 69 240 178 361
high voltage board 0.0117 16 342 206 416
high voltage board 0.0085 116 341 213 413
high voltage board 0.0066 199 51 349 229
high voltage board 0.0029 182 97 310 309
high voltage board 0.0023 183 102 235 316
high voltage board 0.0020 -1 64 91 250
high voltage board 0.0017 261 50 344 209
high voltage board 0.0015 78 240 172 358
high voltage board 0.0012 368 193 417 320
register 0.0076 -1 64 91 250
register 0.0061 199 51 349 229
register 0.0038 186 82 308 283
register 0.0030 369 195 415 323
register 0.0019 261 50 344 209
register 0.0019 96 302 315 415
register 0.0015 86 352 210 417
register 0.0013 -6 335 168 412
register 0.0012 366 48 415 110
register 0.0010 180 83 244 279
electric screwdriver battery 0.0057 366 48 415 110
electric screwdriver battery 0.0031 199 51 349 229
electric screwdriver battery 0.0025 186 82 308 283
electric screwdriver battery 0.0018 369 195 415 323
electric screwdriver battery 0.0012 342 70 352 124
electric screwdriver battery 0.0012 78 240 172 358
electric screwdriver battery 0.0011 276 54 346 210
working area 0.9007 35 308 300 417
working area 0.0788 165 301 304 417
working area 0.0294 -6 326 222 412
working area 0.0291 116 341 213 413
working area 0.0140 198 104 332 355
working area 0.0118 24 351 260 423
working area 0.0043 85 244 184 357
working area 0.0043 48 254 230 413
working area 0.0030 -1 64 91 250
working area 0.0022 199 51 349 229
working area 0.0019 366 48 415 110
working area 0.0019 368 193 417 320
working area 0.0013 -18 359 183 417
working area 0.0010 119 84 358 393
welder base 0.0050 186 82 308 283
welder base 0.0043 -1 64 91 250
welder base 0.0035 369 195 415 323
welder base 0.0025 362 51 416 121
welder base 0.0023 180 83 244 279
welder base 0.0020 199 51 349 229
welder base 0.0020 342 70 352 124
welder base 0.0011 96 302 315 415
welder base 0.0011 261 50 344 209
welder base 0.0010 78 240 172 358
socket 0.9988 364 55 413 117
socket 0.9807 340 60 353 118
socket 0.0097 388 54 416 121
socket 0.0076 354 65 364 108
socket 0.0070 199 51 349 229
socket 0.0055 332 45 355 112
socket 0.0052 -1 64 91 250
socket 0.0052 261 50 344 209
socket 0.0048 336 70 352 167
socket 0.0045 186 82 308 283
socket 0.0044 369 195 415 323
socket 0.0037 338 60 352 93
socket 0.0034 342 93 350 139
socket 0.0033 355 57 369 88
socket 0.0028 360 50 398 103
socket 0.0021 349 83 359 118
socket 0.0021 346 60 367 116
socket 0.0021 185 123 233 293
socket 0.0016 401 55 414 92
socket 0.0014 399 69 415 104
socket 0.0013 364 65 388 106
socket 0.0013 357 68 402 128
socket 0.0012 403 38 415 74
socket 0.0011 78 240 172 358
left red button 0.0021 186 82 308 283
left red button 0.0018 199 51 349 229
left red button 0.0015 360 56 403 118
left green button 0.0021 366 48 415 110
left green button 0.0019 199 51 349 229
left green button 0.0016 186 82 308 283
right red button 0.0030 199 51 349 229
right red button 0.0022 186 82 308 283
right red button 0.0015 366 48 415 110
right green button 0.0026 199 51 349 229
right green button 0.0021 366 48 415 110
right green button 0.0018 186 82 308 283
hand 0.9996 88 240 182 355
hand 0.9822 197 91 324 308
hand 0.0733 199 51 349 229
hand 0.0042 180 83 244 279
hand 0.0031 94 345 201 416
hand 0.0027 -6 335 168 412
hand 0.0021 96 302 315 415
hand 0.0021 369 195 415 323
hand 0.0017 194 112 272 240
hand 0.0015 132 241 198 352
hand 0.0015 261 50 344 209
hand 0.0014 219 132 308 275
hand 0.0013 360 56 403 118
hand 0.0012 181 156 228 316
hand 0.0011 -1 64 91 250
hand 0.0011 338 66 353 130
hand 0.0011 191 87 279 195
